<svg xmlns="http://www.w3.org/2000/svg" xmlns:xlink="http://www.w3.org/1999/xlink" preserveAspectRatio="xMidYMid" width="36" height="20" viewBox="0 0 36 20">
  <defs>
    <style>
      .cls-1 {
        fill: #fff;
        fill-rule: evenodd;
      }
    </style>
  </defs>
  <path d="M18.083,0.001 C18.000,-0.002 17.919,-0.007 17.837,-0.006 L18.164,-0.006 C18.135,-0.006 18.108,0.001 18.083,0.001 ZM28.035,3.954 C28.096,3.954 28.153,3.957 28.213,3.959 C28.235,3.959 28.252,3.954 28.272,3.954 L28.035,3.954 ZM13.436,7.911 C13.448,7.909 13.457,7.896 13.468,7.893 C14.196,10.514 16.084,12.474 18.000,12.516 C19.747,12.437 21.891,10.510 22.604,7.904 C22.934,7.924 23.260,7.538 23.354,7.002 C23.450,6.444 23.250,5.946 22.911,5.887 C22.889,5.883 22.868,5.897 22.848,5.897 C22.747,1.585 20.688,0.065 18.090,-0.001 C15.414,0.010 13.016,1.861 13.168,5.898 C13.143,5.898 13.119,5.883 13.093,5.887 C12.754,5.946 12.555,6.444 12.651,7.002 C12.742,7.561 13.095,7.967 13.436,7.911 ZM17.962,12.519 L18.036,12.519 C18.022,12.519 18.008,12.517 17.994,12.517 C17.983,12.517 17.974,12.519 17.962,12.519 ZM24.856,9.667 C24.865,9.664 24.871,9.656 24.878,9.654 C25.405,11.545 26.766,12.960 28.149,12.988 C29.410,12.931 30.955,11.540 31.471,9.661 C31.706,9.674 31.944,9.397 32.009,9.011 C32.077,8.608 31.936,8.246 31.690,8.206 C31.675,8.203 31.660,8.214 31.645,8.214 C31.574,5.103 30.085,4.005 28.212,3.958 C26.282,3.967 24.552,5.302 24.661,8.214 C24.643,8.214 24.626,8.202 24.608,8.206 C24.364,8.246 24.218,8.608 24.288,9.011 C24.356,9.414 24.610,9.707 24.856,9.667 ZM28.180,12.990 C28.168,12.990 28.160,12.988 28.149,12.988 C28.143,12.988 28.133,12.989 28.128,12.990 L28.180,12.990 ZM21.606,13.264 L19.173,17.993 L18.790,14.917 L19.391,14.428 L17.936,14.428 L16.606,14.428 L17.207,14.917 L16.823,17.993 L14.393,13.264 C10.168,13.831 7.135,15.630 7.135,20.006 L28.865,20.006 C28.864,15.630 25.830,13.831 21.606,13.264 ZM7.735,3.954 C7.796,3.954 7.854,3.957 7.912,3.959 C7.932,3.959 7.952,3.954 7.971,3.954 L7.735,3.954 ZM8.420,14.719 L8.853,14.367 L7.804,14.367 L6.845,14.367 L7.278,14.719 L7.001,16.939 L5.250,13.527 C2.201,13.936 0.013,15.235 0.013,18.391 L6.998,18.391 C7.229,17.214 7.732,16.230 8.511,15.429 L8.420,14.719 ZM30.750,13.527 L28.998,16.939 L28.721,14.720 L29.155,14.369 L28.104,14.369 L27.145,14.369 L27.579,14.720 L27.491,15.429 C28.268,16.232 28.770,17.215 29.003,18.391 L35.987,18.391 C35.987,15.235 33.799,13.936 30.750,13.527 ZM7.880,12.990 C7.869,12.990 7.860,12.988 7.850,12.988 C7.843,12.988 7.834,12.989 7.827,12.990 L7.880,12.990 ZM4.558,9.667 C4.567,9.664 4.573,9.656 4.582,9.654 C5.107,11.545 6.468,12.960 7.851,12.988 C9.111,12.931 10.657,11.540 11.172,9.661 C11.408,9.674 11.646,9.397 11.712,9.011 C11.782,8.608 11.637,8.246 11.392,8.206 C11.376,8.203 11.361,8.214 11.346,8.214 C11.275,5.103 9.787,4.005 7.914,3.958 C5.984,3.967 4.254,5.302 4.363,8.214 C4.344,8.214 4.328,8.202 4.310,8.206 C4.065,8.246 3.921,8.608 3.990,9.011 C4.059,9.414 4.312,9.707 4.558,9.667 Z" class="cls-1"/>
</svg>
