<svg xmlns="http://www.w3.org/2000/svg" xmlns:xlink="http://www.w3.org/1999/xlink" preserveAspectRatio="xMidYMid" width="34" height="34" viewBox="0 0 34 34">
  <defs>
    <style>
      .cls-1 {
        fill: #0ca4f0;
      }

      .cls-2 {
        fill: #fff;
        fill-rule: evenodd;
      }
    </style>
  </defs>
  <g>
    <circle cx="17" cy="17" r="17" class="cls-1"/>
    <path d="M25.998,13.176 C25.997,13.173 25.997,13.170 25.996,13.167 C25.995,13.157 25.994,13.148 25.992,13.138 C25.990,13.131 25.989,13.125 25.987,13.119 C25.985,13.112 25.984,13.106 25.982,13.100 C25.979,13.090 25.975,13.080 25.971,13.071 C25.970,13.068 25.970,13.066 25.968,13.063 C25.963,13.050 25.956,13.037 25.950,13.024 L23.779,9.099 C23.867,9.046 23.947,8.980 24.016,8.904 C24.203,8.697 24.305,8.424 24.305,8.134 C24.305,7.584 23.900,7.000 23.149,7.000 L18.159,7.000 C17.812,7.000 17.504,7.130 17.291,7.365 C17.105,7.571 17.002,7.844 17.002,8.134 C17.002,8.518 17.200,8.919 17.576,9.126 L15.038,13.001 C15.036,13.004 15.035,13.007 15.033,13.011 C15.028,13.018 15.024,13.025 15.020,13.032 C15.018,13.037 15.015,13.042 15.013,13.047 C15.010,13.054 15.006,13.061 15.003,13.068 C15.001,13.073 14.999,13.079 14.997,13.085 C14.995,13.091 14.993,13.098 14.991,13.104 C14.989,13.111 14.987,13.118 14.985,13.124 C14.984,13.130 14.982,13.136 14.981,13.142 C14.980,13.150 14.979,13.157 14.978,13.165 C14.977,13.170 14.976,13.175 14.976,13.181 C14.975,13.189 14.975,13.197 14.974,13.205 C14.974,13.209 14.974,13.213 14.974,13.217 L14.974,16.518 C14.772,16.623 14.586,16.756 14.421,16.916 C14.285,16.883 14.144,16.867 14.001,16.867 C13.271,16.867 12.633,17.306 12.364,17.933 C11.872,17.789 11.344,17.862 10.900,18.153 C10.403,18.478 10.120,19.008 10.104,19.600 L9.744,19.600 L7.756,14.055 C7.684,13.855 7.533,13.696 7.329,13.609 C7.115,13.518 6.871,13.517 6.657,13.607 L5.504,14.094 C5.295,14.182 5.130,14.352 5.052,14.560 C4.974,14.764 4.985,14.981 5.080,15.173 L7.336,19.683 C7.238,19.757 7.175,19.871 7.175,20.001 C7.175,22.155 7.932,23.969 9.364,25.246 C10.633,26.377 12.337,27.000 14.163,27.000 L14.164,27.000 C14.645,27.000 15.117,26.956 15.575,26.872 L25.590,26.872 C25.590,26.872 25.590,26.872 25.590,26.872 L25.590,26.872 C25.816,26.872 26.000,26.693 26.000,26.472 L26.000,13.219 C26.000,13.205 25.999,13.191 25.998,13.176 ZM22.941,9.268 L24.903,12.816 L20.984,12.816 L18.933,9.269 L22.941,9.269 L22.941,9.268 ZM21.155,17.309 L25.180,17.309 L25.180,22.541 L21.155,22.541 L21.155,17.309 ZM21.155,16.509 L21.155,15.802 L25.180,15.802 L25.180,16.509 L21.155,16.509 ZM21.155,15.002 L21.155,13.617 L25.180,13.617 L25.180,15.002 L21.155,15.002 L21.155,15.002 ZM20.042,12.816 L16.133,12.816 L18.209,9.645 L20.042,12.816 ZM21.155,23.341 L25.180,23.341 L25.180,24.047 L21.155,24.047 L21.155,23.341 ZM18.159,7.800 L23.149,7.800 C23.461,7.800 23.485,8.056 23.485,8.134 C23.485,8.213 23.461,8.468 23.149,8.468 L18.159,8.468 C17.847,8.468 17.823,8.213 17.823,8.134 C17.823,8.056 17.847,7.800 18.159,7.800 ZM15.794,13.617 L20.334,13.617 L20.334,18.135 C20.013,17.690 19.483,17.398 18.884,17.398 C18.651,17.398 18.423,17.443 18.211,17.528 C17.818,16.755 17.006,16.248 16.088,16.248 C15.989,16.248 15.891,16.255 15.794,16.266 L15.794,13.617 L15.794,13.617 ZM11.358,18.817 C11.676,18.608 12.081,18.614 12.413,18.832 C12.534,18.912 12.690,18.922 12.821,18.860 C12.953,18.797 13.040,18.671 13.051,18.529 C13.086,18.046 13.504,17.667 14.001,17.667 C14.134,17.667 14.262,17.693 14.383,17.745 C14.554,17.818 14.753,17.769 14.869,17.626 C15.165,17.259 15.610,17.049 16.088,17.049 C16.810,17.049 17.431,17.527 17.597,18.211 C17.630,18.347 17.733,18.456 17.870,18.500 C18.006,18.543 18.155,18.514 18.264,18.423 C18.436,18.278 18.656,18.198 18.884,18.198 C19.409,18.198 19.837,18.616 19.837,19.128 C19.837,19.295 19.790,19.458 19.705,19.601 L10.924,19.601 C10.938,19.273 11.090,18.992 11.358,18.817 ZM5.829,14.829 L6.983,14.342 C6.985,14.341 6.987,14.341 6.990,14.341 L8.875,19.601 L8.207,19.601 L5.824,14.834 C5.825,14.832 5.827,14.830 5.829,14.829 ZM14.163,26.200 C11.287,26.199 8.199,24.381 8.005,20.401 L9.450,20.401 C9.451,20.401 9.452,20.401 9.453,20.401 C9.454,20.401 9.455,20.401 9.456,20.401 L10.548,20.401 C10.549,20.401 10.549,20.401 10.550,20.401 C10.550,20.401 10.551,20.401 10.552,20.401 L20.325,20.401 C20.238,22.147 19.581,23.612 18.411,24.654 C17.605,25.373 16.596,25.859 15.487,26.074 C15.465,26.076 15.443,26.080 15.422,26.086 C15.014,26.161 14.593,26.200 14.164,26.200 L14.163,26.200 L14.163,26.200 ZM18.964,25.245 C19.527,24.744 19.985,24.159 20.334,23.504 L20.334,26.072 L17.806,26.072 C18.221,25.838 18.610,25.561 18.964,25.245 ZM21.155,26.072 L21.155,24.848 L25.180,24.848 L25.180,26.072 L21.155,26.072 Z" class="cls-2"/>
  </g>
</svg>
