<svg xmlns="http://www.w3.org/2000/svg" xmlns:xlink="http://www.w3.org/1999/xlink" preserveAspectRatio="xMidYMid" width="34" height="34" viewBox="0 0 34 34">
  <defs>
    <style>
      .cls-1 {
        fill: #0ca4f0;
      }

      .cls-2 {
        fill: #fff;
        fill-rule: evenodd;
      }
    </style>
  </defs>
  <g>
    <circle cx="17" cy="17" r="17" class="cls-1"/>
    <path d="M29.651,19.826 C29.352,19.959 29.001,19.828 28.866,19.534 L28.300,18.298 L14.736,18.298 L17.536,23.356 C17.562,23.401 17.582,23.450 17.595,23.501 C17.609,23.553 17.614,23.605 17.613,23.656 L17.615,24.755 C17.615,25.078 17.350,25.340 17.022,25.341 L17.021,25.341 C16.694,25.341 16.428,25.079 16.428,24.757 L16.427,23.795 L13.221,18.004 C13.193,17.955 13.172,17.903 13.159,17.847 C13.142,17.780 13.139,17.712 13.147,17.645 C13.156,17.567 13.180,17.494 13.217,17.429 C13.264,17.345 13.333,17.272 13.420,17.218 C13.459,17.194 13.501,17.174 13.546,17.159 C13.613,17.136 13.682,17.126 13.750,17.128 L28.667,17.128 C28.707,17.127 28.746,17.130 28.784,17.136 C28.875,17.152 28.959,17.187 29.030,17.238 C29.076,17.270 29.117,17.309 29.152,17.353 C29.185,17.395 29.212,17.440 29.232,17.490 L29.948,19.053 C30.083,19.347 29.950,19.694 29.651,19.826 ZM22.097,15.877 C21.796,16.005 21.447,15.868 21.317,15.571 L20.413,13.506 C19.921,12.385 19.382,11.927 18.550,11.927 L17.350,11.927 C16.519,11.927 15.979,12.385 15.488,13.506 L14.941,14.755 L16.224,14.755 C16.552,14.755 16.818,15.016 16.818,15.339 C16.818,15.662 16.552,15.924 16.224,15.924 L14.054,15.924 C14.049,15.925 14.044,15.925 14.038,15.925 C13.989,15.925 13.938,15.919 13.889,15.906 C13.838,15.893 13.790,15.873 13.746,15.848 C13.656,15.799 13.584,15.728 13.533,15.646 C13.493,15.582 13.465,15.509 13.453,15.431 C13.442,15.364 13.443,15.295 13.456,15.226 C13.465,15.180 13.480,15.136 13.499,15.095 L14.398,13.043 C14.828,12.061 15.601,10.757 17.350,10.757 L18.550,10.757 C20.299,10.757 21.073,12.061 21.502,13.043 L22.407,15.108 C22.537,15.404 22.398,15.748 22.097,15.877 ZM17.950,9.878 C16.586,9.878 15.476,8.784 15.476,7.439 C15.476,6.094 16.586,5.000 17.950,5.000 C19.314,5.000 20.424,6.094 20.424,7.439 C20.424,8.784 19.314,9.878 17.950,9.878 ZM12.617,20.438 L8.052,20.438 L8.052,24.830 L8.324,24.830 C8.652,24.830 8.917,25.092 8.917,25.415 C8.917,25.738 8.652,26.000 8.324,26.000 L7.476,26.000 C7.471,26.000 7.465,26.000 7.459,26.000 C7.453,26.000 7.447,26.000 7.441,26.000 L6.593,26.000 C6.266,26.000 6.000,25.738 6.000,25.415 C6.000,25.092 6.266,24.830 6.593,24.830 L6.865,24.830 L6.865,19.853 C6.865,19.530 7.131,19.268 7.459,19.268 L7.764,19.268 C7.409,18.846 7.195,18.303 7.195,17.713 C7.195,16.368 8.305,15.274 9.669,15.274 C11.033,15.274 12.143,16.368 12.143,17.713 C12.143,18.303 11.929,18.846 11.574,19.268 L12.617,19.268 C12.945,19.268 13.211,19.530 13.211,19.853 C13.211,20.176 12.945,20.438 12.617,20.438 ZM25.979,24.830 L26.251,24.830 L26.251,20.438 L17.196,20.438 C16.868,20.438 16.602,20.176 16.602,19.853 C16.602,19.530 16.868,19.268 17.196,19.268 L26.845,19.268 C27.172,19.268 27.438,19.530 27.438,19.853 L27.438,24.830 L27.710,24.830 C28.038,24.830 28.303,25.092 28.303,25.415 C28.303,25.738 28.038,26.000 27.710,26.000 L26.862,26.000 C26.856,26.000 26.851,26.000 26.845,26.000 C26.839,26.000 26.833,26.000 26.827,26.000 L25.979,26.000 C25.652,26.000 25.386,25.738 25.386,25.415 C25.386,25.092 25.652,24.830 25.979,24.830 Z" class="cls-2"/>
  </g>
</svg>
